0.000563759650469 0.0552797657265 0.0625773212021 0.0409665346007 0.0037427376795 0.00944297414536 0.0349530983291 0.00328859796107 0.0343266987174 0.0010178993689 0.0118702726404 0.107912993094 0.0399642952221 0.127848160734 0.000876959456285 0.0401052351348 0.00120581925239 0.11685484755 0.0582238439012 0.179071988975 0.0200134675917 0.0174765491645 0.0102729536308 0.00385235761154 0.0127785520773 0.00551231658236 
0.131136440582 0.0390475115675 0.00389346574879 0.00462701726667 0.136891998646 0.00163638415529 0.00067712447805 0.00174923823496 0.129669337547 0.00366775758944 0.0004514163187 0.207143663243 0.00378061166911 0.00231350863334 0.12143098973 0.00141067599594 0.0 0.0886468795847 0.0240379189708 0.0072226610992 0.0808599480871 0.0018056652748 0.00146710303577 0.0 0.00643268254147 0.0 
0.165487174893 8.95816536773e-05 0.0194690793992 0.000388187165935 0.0914031473021 0.0 2.98605512258e-05 0.124996267431 0.0864761563498 0.0 0.0638119979695 0.045358177312 0.000149302756129 0.000447908268387 0.190271432411 0.000149302756129 0.00191107527845 0.0653647466332 0.000418047717161 0.0775478515333 0.0590343097734 0.0 5.97211024516e-05 0.0 0.00636029741109 0.00077637433187 
0.0768395714353 0.00736300561665 0.00420068910181 0.0316231651484 0.306603105678 0.00453108037948 0.0196346816444 0.00552225421249 0.242318402794 0.00547505545854 0.000424788785576 0.047104356445 0.0103365271157 0.0118940859961 0.0798130929343 0.00382309907018 0.000424788785576 0.0546561570775 0.0125548685515 0.00207674517393 0.0488035115873 0.00623023552178 0.00816538443385 4.71987539529e-05 0.00934535328267 0.000188795015812 
0.0654296028881 0.0108303249097 0.0514945848375 0.0326642599278 0.0328375451264 0.0180216606498 0.0173140794224 0.005559566787 0.0144548736462 0.00174729241877 0.00242599277978 0.0671046931408 0.0410541516245 0.13644765343 0.0116678700361 0.0271480144404 0.00427436823105 0.213068592058 0.12557400722 0.0546714801444 0.00812996389892 0.0169675090253 0.0110180505415 0.0218194945848 0.00638267148014 0.0018916967509 
0.0975263245863 0.00175497242186 0.000668560922614 0.000919271268594 0.128280127027 0.0898378739763 0.000417850576634 0.00167140230654 0.199899715862 0.000167140230654 8.35701153268e-05 0.117165301688 0.000417850576634 0.000668560922614 0.130870800602 0.000752131037941 0.0 0.0788901888685 0.00158783219121 0.0314223633629 0.105298345312 0.0 0.000501420691961 0.0 0.0111983954538 0.0 
0.118386159869 0.00353579997474 0.00037883571158 0.00138906427579 0.189480995075 0.00233615355474 0.0531001389064 0.0637075388307 0.136128299028 0.000252557141053 0.000315696426316 0.0933198636191 0.0109230963505 0.0440712211138 0.0647177673949 0.00113650713474 0.0 0.132466220482 0.00555625710317 0.00385149640106 0.0636443995454 0.0 0.00353579997474 0.0 0.00751357494633 0.000252557141053 
0.174145761246 0.00497404844291 0.00113538062284 0.00183823529412 0.268923010381 0.00362240484429 0.000324394463668 0.00183823529412 0.175335207612 0.000378460207612 0.000594723183391 0.0150843425606 0.0129757785467 0.00929930795848 0.172685986159 0.00189230103806 0.000108131487889 0.0357915224913 0.00248702422145 0.0327638408304 0.0433607266436 5.40657439446e-05 0.00594723183391 0.0 0.0344398788927 0.0 
0.0381457228978 0.0158377507536 0.0670148633198 0.0287652011225 0.0799682985137 0.0209957384887 0.0276868308908 0.000623635796695 0.000311817898347 0.000298825485916 0.00374181478017 0.0559713127534 0.0317534559817 0.260160066521 0.0758367113606 0.017175969234 0.00206579357655 0.0270631950941 0.0999376364203 0.0760575823719 0.00435245816443 0.0313506911963 0.00033780272321 0.00231264941274 0.00011693171188 0.0321172435298 
0.214861751152 0.0 0.000576036866359 0.0 0.184331797235 0.0 0.0 0.0 0.0766129032258 0.00172811059908 0.000576036866359 0.0 0.0 0.00172811059908 0.222926267281 0.0 0.000576036866359 0.0 0.0 0.0 0.296082949309 0.0 0.0 0.0 0.0 0.0 
0.070892410342 0.014845704754 0.00200166805671 0.004670558799 0.357130942452 0.00783986655546 0.00116763969975 0.0126772310259 0.260383653044 0.00150125104254 0.00450375312761 0.0673894912427 0.0115095913261 0.0480400333611 0.0275229357798 0.0070058381985 0.0 0.0165137614679 0.0298582151793 0.00884070058382 0.0153461217681 0.00133444537114 0.014011676397 0.0 0.0150125104254 0.0 
0.156157767642 0.00405151596458 0.00772739468742 0.0163133887845 0.201180574188 0.00622484572042 0.00472229675342 0.00166353635632 0.225140863966 5.36624631071e-05 0.00740541990877 0.128306949289 0.00759323852965 0.00595653340488 0.115562114301 0.00657365173061 0.000160987389321 0.00147571773544 0.00740541990877 0.0243627582506 0.0478400858599 0.00780788838208 0.00182452374564 2.68312315535e-05 0.014301046418 0.000160987389321 
0.191013239424 0.0559443676726 0.00106985244952 0.000534926224758 0.208487496099 0.00320955734855 8.9154370793e-05 0.000668657780948 0.194579414256 0.00013373155619 0.000401194668569 0.00476975883743 0.0481433602282 0.00940578611866 0.120046360273 0.0988276200241 0.000178308741586 0.00142646993269 0.00601792002853 0.000757812151741 0.0471626621495 0.000713234966344 0.000980698078723 0.0 0.00543841661837 0.0 
0.0892969806219 0.00502478593961 0.0818611987382 0.0856241550248 0.155227579991 0.0196259576386 0.0699864803966 0.00682739972961 0.106421811627 0.00313204146012 0.0165389815232 0.0089905362776 0.00579089680036 0.0244930148716 0.0648715637675 0.00698512843623 0.00304191077062 0.00691753041911 0.0608832807571 0.137066246057 0.0192203695358 0.0122803064443 0.00425867507886 0.000405588102749 0.00328977016674 0.00193780982425 
0.0206822820488 0.0207600349888 0.0374963553309 0.0269802701915 0.0111186704247 0.0107493439596 0.0421809699679 0.00262416172612 0.0238118378851 0.000719214695306 0.00956361162406 0.0761006900573 0.0626883079016 0.168840509282 0.0468850228399 0.0431140052483 0.00128292351055 0.132938089221 0.0492370492759 0.0502672757314 0.0871804840121 0.0294100495675 0.0302070172028 0.00651180872777 0.0056565263874 0.00299348819127 
0.116355025721 0.0020004899159 0.00175553196701 0.000979831795542 0.174818322855 0.00155140034294 0.000489915897771 0.0759777904793 0.109087939904 0.000408263248142 0.00102065812036 0.0803870335592 0.00244957948885 0.00261288478811 0.116232546746 0.0568710704662 0.0 0.146729811382 0.0209030783049 0.0371927819058 0.0453580468686 0.0 0.00187801094146 0.0 0.00489915897771 4.08263248142e-05 
0.00175849941383 0.0 0.0 0.0 0.000586166471278 0.0 0.0 0.0 0.00351699882767 0.0 0.0 0.0 0.0 0.0 0.00117233294256 0.0 0.0 0.000586166471278 0.0 0.00117233294256 0.991207502931 0.0 0.0 0.0 0.0 0.0 
0.162771744281 0.0144803927143 0.0230473266238 0.0247152252611 0.229051761718 0.00727810314437 0.0159777108091 0.00475730179489 0.164496503099 0.000833949318625 0.0105191334508 0.0132105153428 0.025776615303 0.0193514148708 0.115805234927 0.0125471465666 0.000720228956995 0.028847065067 0.0275392809082 0.0423229279202 0.0349500578079 0.00898390856883 0.00382858550824 7.58135744205e-05 0.00767612441008 0.000435928052918 
0.0541369507755 0.00364071617376 0.0621166026632 0.00201984938407 0.128397586155 0.00411450800459 0.00172061243828 0.0784998254451 0.110368560172 0.000473791830831 0.0143633733978 0.0330656825096 0.0228666899407 0.02007381178 0.0508952171961 0.0531644307017 0.00655827639519 0.00182035808688 0.0691736073014 0.197770684754 0.0592239788539 0.000374046182235 0.0128671886689 0.0 0.0122687147773 2.4936412149e-05 
0.10256931045 0.00361531430893 0.0122473849904 0.00101553772723 0.213384787245 0.00436681222707 0.00170610338174 0.0604651162791 0.273240580888 0.000162486036356 0.000101553772723 0.0236010967807 0.00485427033614 0.00385904336346 0.0917639890322 0.00180765715446 0.0 0.0975322433228 0.00664161673606 0.0395653498527 0.04058088758 0.000162486036356 0.00712907484513 2.03107545445e-05 0.00741342540875 0.00219356149081 
0.0425859235691 0.040732841509 0.0454879200028 0.0319569245831 0.0345442467047 0.0133911401699 0.0259781126534 0.000209782874725 0.0402783119471 0.000734240061536 0.00335652599559 0.101919513304 0.0610468165449 0.17880493689 0.00898569980071 0.0380406279501 0.000174819062271 0.130065382329 0.10485647355 0.0867452186986 0.000559420999266 0.00314674312087 0.000174819062271 0.00188804587252 0.000419565749449 0.00391594699486 
0.159660004595 0.0 0.000229726625316 0.000114863312658 0.494141971054 0.0 0.0 0.0 0.233631977946 0.0 0.0 0.000344589937974 0.000114863312658 0.000689179875948 0.0891339306226 0.0 0.0 0.00275671950379 0.000229726625316 0.0 0.0144727773949 0.00252699287847 0.0 0.0 0.00172294968987 0.000229726625316 
0.22686401992 0.0124498547517 0.00345829298658 0.0143864988242 0.182459537972 0.0067782542537 0.00165998063356 0.0762207774243 0.175819615438 0.000138331719463 0.00760824457048 0.0305713100014 0.00470327846175 0.0412228524001 0.140683358694 0.00553326877853 0.0 0.0403928620833 0.0161848111772 0.00497994190068 0.00276663438927 0.0 0.00179831235302 0.0 0.00221330751141 0.00110665375571 
0.0745212323064 0.00208159866778 0.0836802664446 0.0 0.175270607827 0.00416319733555 0.00124895920067 0.0287260616153 0.19442131557 0.0 0.0 0.00707743547044 0.00249791840133 0.00124895920067 0.0507910074938 0.159450457952 0.00124895920067 0.0 0.00541215653622 0.132389675271 0.0445462114904 0.00166527893422 0.00457951706911 0.00291423813489 0.0220649458784 0.0 
0.0737908621678 0.0244695086981 0.0642324603326 0.0349837507169 0.104186580004 0.0101319059453 0.0210284840375 0.00841139361499 0.103039571784 0.00133817625693 0.00172051233034 0.0655706365896 0.0768495507551 0.0579239151214 0.0533358822405 0.0902313133244 0.0 0.0495125215064 0.0806729114892 0.035557254827 0.00611737717454 0.00248518447716 0.0200726438539 0.00382336073409 0.0 0.0105142420187 
0.155678187627 0.000580888759802 0.000580888759802 0.000290444379901 0.420273017717 0.0 0.000580888759802 0.00145222189951 0.219285506825 0.000290444379901 0.0011617775196 0.0363055474877 0.00203311065931 0.0 0.0653499854778 0.00290444379901 0.000871333139704 0.000290444379901 0.000290444379901 0.000871333139704 0.00900377577694 0.00174266627941 0.0011617775196 0.0 0.00987510891664 0.0691257624165 
